Author: SK
Difficulty: 3
Date:08-06-202215:00:16.265898 (342, 283, 1)
15:00:16.272893 (342, 283, 1)
15:00:16.280889 (343, 287, 1)
15:00:16.288886 (344, 288, 1)
15:00:16.296881 (346, 291, 1)
15:00:16.304874 (348, 291, 1)
15:00:16.312870 (349, 291, 1)
15:00:16.320865 (351, 291, 1)
15:00:16.329862 (353, 291, 1)
15:00:16.336855 (355, 291, 1)
15:00:16.344848 (358, 291, 1)
15:00:16.352846 (361, 290, 1)
15:00:16.360845 (366, 287, 1)
15:00:16.368835 (373, 283, 1)
15:00:16.376831 (378, 279, 1)
15:00:16.384824 (384, 274, 1)
15:00:16.392820 (389, 269, 1)
15:00:16.400815 (393, 262, 1)
15:00:16.408812 (395, 255, 1)
15:00:16.416805 (396, 249, 1)
15:00:16.424801 (396, 244, 1)
15:00:16.432795 (395, 239, 1)
15:00:16.440791 (393, 236, 1)
15:00:16.449785 (390, 230, 1)
15:00:16.457779 (385, 226, 1)
15:00:16.464776 (380, 221, 1)
15:00:16.473770 (374, 218, 1)
15:00:16.480768 (366, 214, 1)
15:00:16.488762 (356, 211, 1)
15:00:16.496758 (344, 207, 1)
15:00:16.504752 (329, 206, 1)
15:00:16.513747 (315, 206, 1)
15:00:16.520742 (298, 206, 1)
15:00:16.529736 (276, 207, 1)
15:00:16.536734 (252, 213, 1)
15:00:16.545727 (229, 222, 1)
15:00:16.552723 (207, 236, 1)
15:00:16.560716 (196, 245, 1)
15:00:16.568713 (188, 256, 1)
15:00:16.576706 (183, 267, 1)
15:00:16.584701 (183, 278, 1)
15:00:16.592697 (183, 291, 1)
15:00:16.600692 (189, 304, 1)
15:00:16.609688 (197, 315, 1)
15:00:16.616682 (205, 328, 1)
15:00:16.624677 (214, 336, 1)
15:00:16.632673 (227, 344, 1)
15:00:16.641376 (240, 352, 1)
15:00:16.649375 (257, 365, 1)
15:00:16.657367 (274, 378, 1)
15:00:16.665363 (290, 387, 1)
15:00:16.673358 (302, 396, 1)
15:00:16.681353 (315, 409, 1)
15:00:16.689346 (322, 419, 1)
15:00:16.698342 (331, 432, 1)
15:00:16.705337 (336, 443, 1)
15:00:16.713332 (340, 454, 1)
15:00:16.721329 (341, 465, 1)
15:00:16.729324 (341, 477, 1)
15:00:16.737319 (340, 485, 1)
15:00:16.745314 (336, 494, 1)
15:00:16.753308 (331, 502, 1)
15:00:16.761303 (326, 508, 1)
15:00:16.769299 (317, 515, 1)
15:00:16.777294 (309, 520, 1)
15:00:16.785289 (298, 523, 1)
15:00:16.793283 (284, 527, 1)
15:00:16.801278 (271, 527, 1)
15:00:16.809274 (260, 527, 1)
15:00:16.817268 (248, 523, 1)
15:00:16.825268 (230, 516, 1)
15:00:16.833260 (212, 506, 1)
15:00:16.841255 (190, 492, 1)
15:00:16.849248 (168, 476, 1)
15:00:16.857245 (143, 456, 1)
15:00:16.865241 (125, 441, 1)
15:00:16.873234 (111, 424, 1)
15:00:16.881228 (101, 412, 1)
15:00:16.889224 (95, 404, 1)
15:00:16.905213 (93, 400, 1)
15:00:16.913210 (93, 399, 1)
15:00:16.921204 (94, 397, 1)
15:00:17.705815 (479, 380, 1)
15:00:17.712810 (479, 380, 1)
15:00:17.720806 (477, 380, 1)
15:00:17.728801 (474, 378, 1)
15:00:17.736796 (471, 375, 1)
15:00:17.744827 (468, 373, 1)
15:00:17.777534 (466, 373, 1)
15:00:17.912679 (466, 372, 1)
15:00:17.920674 (462, 373, 1)
15:00:17.929670 (452, 379, 1)
15:00:17.936665 (445, 384, 1)
15:00:17.944659 (436, 389, 1)
15:00:17.952791 (430, 393, 1)
15:00:17.960790 (424, 397, 1)
15:00:17.968786 (421, 401, 1)
15:00:17.976781 (417, 404, 1)
15:00:17.984775 (414, 408, 1)
15:00:17.992771 (413, 412, 1)
15:00:18.000768 (411, 416, 1)
15:00:18.008999 (410, 421, 1)
15:00:18.016996 (408, 428, 1)
15:00:18.025994 (408, 438, 1)
15:00:18.033986 (408, 448, 1)
15:00:18.041981 (412, 458, 1)
15:00:18.048977 (416, 470, 1)
15:00:18.056678 (420, 481, 1)
15:00:18.065673 (425, 490, 1)
15:00:18.073669 (431, 499, 1)
15:00:18.080663 (435, 505, 1)
15:00:18.089660 (439, 509, 1)
15:00:18.097654 (442, 511, 1)
15:00:18.104650 (444, 513, 1)
15:00:18.112645 (446, 513, 1)
15:00:18.121638 (449, 513, 1)
15:00:18.129637 (451, 513, 1)
15:00:18.136629 (455, 510, 1)
15:00:18.144626 (461, 505, 1)
15:00:18.153619 (469, 495, 1)
15:00:18.160618 (477, 485, 1)
15:00:18.168612 (484, 472, 1)
15:00:18.177604 (489, 460, 1)
15:00:18.185599 (492, 448, 1)
15:00:18.192596 (493, 433, 1)
15:00:18.200590 (493, 423, 1)
15:00:18.209583 (492, 413, 1)
15:00:18.216580 (489, 407, 1)
15:00:18.225575 (484, 400, 1)
15:00:18.232571 (482, 394, 1)
15:00:18.241565 (479, 391, 1)
15:00:18.248567 (477, 388, 1)
15:00:18.257554 (476, 388, 1)
15:00:18.273545 (476, 387, 1)
15:00:18.281541 (475, 387, 1)
15:00:18.289536 (475, 384, 1)
15:00:18.352654 (474, 382, 1)
15:00:18.360650 (474, 384, 1)
15:00:18.368647 (478, 396, 1)
15:00:18.377641 (484, 412, 1)
15:00:18.384636 (488, 431, 1)
15:00:18.392710 (492, 443, 1)
15:00:18.400665 (495, 450, 1)
15:00:18.409660 (496, 459, 1)
15:00:18.416656 (498, 464, 1)
15:00:18.424651 (500, 469, 1)
15:00:18.432646 (501, 471, 1)
15:00:18.440646 (502, 473, 1)
15:00:18.449636 (503, 474, 1)
15:00:18.456630 (503, 475, 1)
15:00:18.857544 (581, 506, 1)
15:00:18.936786 (581, 506, 1)
15:00:18.944781 (581, 502, 1)
15:00:18.953776 (581, 490, 1)
15:00:18.960772 (583, 475, 1)
15:00:18.968765 (584, 460, 1)
15:00:18.976761 (585, 440, 1)
15:00:18.984758 (588, 409, 1)
15:00:18.992752 (595, 372, 1)
15:00:19.000748 (598, 343, 1)
15:00:19.008744 (604, 307, 1)
15:00:19.016736 (607, 265, 1)
15:00:19.024732 (616, 225, 1)
15:00:19.033726 (622, 191, 1)
15:00:19.040722 (623, 171, 1)
15:00:19.048717 (624, 158, 1)
15:00:19.056714 (624, 146, 1)
15:00:19.065709 (623, 136, 1)
15:00:19.074701 (621, 128, 1)
15:00:19.081697 (619, 122, 1)
15:00:19.088693 (617, 119, 1)
15:00:19.144658 (616, 118, 1)
15:00:19.152658 (616, 126, 1)
15:00:19.160650 (615, 146, 1)
15:00:19.168643 (615, 176, 1)
15:00:19.176640 (615, 204, 1)
15:00:19.185633 (615, 242, 1)
15:00:19.193631 (615, 275, 1)
15:00:19.200623 (615, 305, 1)
15:00:19.208620 (615, 340, 1)
15:00:19.216615 (615, 364, 1)
15:00:19.225609 (615, 392, 1)
15:00:19.233086 (615, 416, 1)
15:00:19.241085 (617, 436, 1)
15:00:19.249079 (618, 447, 1)
15:00:19.257075 (621, 457, 1)
15:00:19.265070 (623, 466, 1)
15:00:19.273069 (626, 472, 1)
15:00:19.281063 (627, 476, 1)
15:00:19.289055 (628, 479, 1)
15:00:19.297050 (629, 480, 1)
15:00:19.305045 (630, 481, 1)
15:00:19.314041 (631, 484, 1)
15:00:19.321038 (632, 485, 1)
15:00:19.329033 (632, 486, 1)
15:00:19.337028 (633, 486, 1)
15:00:19.345024 (634, 487, 1)
15:00:19.481652 (634, 488, 1)
15:00:19.778128 (624, 408, 1)
15:00:19.857116 (624, 408, 1)
15:00:19.865111 (625, 405, 1)
15:00:19.873105 (634, 392, 1)
15:00:19.880731 (641, 384, 1)
15:00:19.888727 (650, 374, 1)
15:00:19.896721 (657, 366, 1)
15:00:19.904718 (667, 357, 1)
15:00:19.912711 (679, 347, 1)
15:00:19.920707 (687, 341, 1)
15:00:19.929700 (692, 337, 1)
15:00:19.937696 (695, 336, 1)
15:00:19.945690 (696, 334, 1)
15:00:20.017645 (697, 334, 1)
15:00:20.248960 (642, 396, 1)
15:00:20.313177 (642, 396, 1)
15:00:20.321173 (645, 400, 1)
15:00:20.329167 (651, 403, 1)
15:00:20.337162 (656, 412, 1)
15:00:20.345158 (662, 418, 1)
15:00:20.353181 (668, 429, 1)
15:00:20.361175 (674, 441, 1)
15:00:20.369171 (679, 452, 1)
15:00:20.377169 (685, 467, 1)
15:00:20.385162 (689, 480, 1)
15:00:20.393157 (691, 488, 1)
15:00:20.401150 (693, 494, 1)
15:00:20.409147 (693, 496, 1)
15:00:20.513211 (693, 497, 1)
15:00:20.833946 (699, 409, 1)
15:00:20.840942 (699, 409, 1)
15:00:20.848939 (700, 407, 1)
15:00:20.864926 (702, 407, 1)
15:00:20.896910 (703, 407, 1)
15:00:20.904904 (705, 407, 1)
15:00:20.912898 (708, 409, 1)
15:00:20.920894 (711, 410, 1)
15:00:20.928889 (714, 414, 1)
15:00:20.936884 (717, 417, 1)
15:00:20.944878 (719, 423, 1)
15:00:20.952875 (722, 430, 1)
15:00:20.960870 (725, 437, 1)
15:00:20.968864 (729, 450, 1)
15:00:20.976858 (730, 460, 1)
15:00:20.985855 (730, 472, 1)
15:00:20.992848 (730, 482, 1)
15:00:21.000844 (730, 491, 1)
15:00:21.008838 (730, 499, 1)
15:00:21.016835 (728, 505, 1)
15:00:21.025830 (728, 510, 1)
15:00:21.032824 (727, 515, 1)
15:00:21.040819 (727, 518, 1)
15:00:21.049818 (726, 521, 1)
15:00:21.057808 (726, 524, 1)
15:00:21.120770 (726, 525, 1)
15:00:21.128765 (725, 525, 1)
15:00:21.136759 (723, 518, 1)
15:00:21.145755 (723, 509, 1)
15:00:21.152751 (722, 496, 1)
15:00:21.161745 (722, 484, 1)
15:00:21.170739 (724, 470, 1)
15:00:21.176737 (727, 458, 1)
15:00:21.184731 (733, 444, 1)
15:00:21.192725 (739, 429, 1)
15:00:21.200721 (748, 413, 1)
15:00:21.208714 (753, 404, 1)
15:00:21.217713 (757, 395, 1)
15:00:21.224705 (760, 390, 1)
15:00:21.232700 (760, 389, 1)
15:00:21.240696 (762, 388, 1)
15:00:21.248692 (763, 388, 1)
15:00:21.264680 (764, 387, 1)
15:00:21.345211 (765, 387, 1)
15:00:21.553868 (802, 499, 1)
15:00:21.649020 (802, 499, 1)
15:00:21.657015 (807, 495, 1)
15:00:21.665011 (813, 487, 1)
15:00:21.673005 (819, 479, 1)
15:00:21.681001 (825, 467, 1)
15:00:21.688997 (832, 458, 1)
15:00:21.696993 (836, 445, 1)
15:00:21.704986 (841, 431, 1)
15:00:21.713008 (844, 419, 1)
15:00:21.721004 (844, 411, 1)
15:00:21.728999 (844, 404, 1)
15:00:21.736995 (843, 400, 1)
15:00:21.744990 (842, 396, 1)
15:00:21.752987 (842, 392, 1)
15:00:21.760978 (841, 389, 1)
15:00:21.768975 (840, 387, 1)
15:00:21.776970 (839, 385, 1)
15:00:21.784968 (839, 384, 1)
15:00:21.792960 (838, 382, 1)
15:00:21.800954 (837, 382, 1)
15:00:21.856920 (837, 381, 1)
15:00:21.864915 (837, 385, 1)
15:00:21.872911 (836, 395, 1)
15:00:21.880905 (836, 404, 1)
15:00:21.888904 (836, 413, 1)
15:00:21.896895 (836, 423, 1)
15:00:21.904839 (836, 436, 1)
15:00:21.913837 (837, 444, 1)
15:00:21.923167 (839, 451, 1)
15:00:21.931153 (840, 459, 1)
15:00:21.937149 (842, 468, 1)
15:00:21.947146 (844, 476, 1)
15:00:21.954138 (846, 483, 1)
15:00:21.961133 (847, 490, 1)
15:00:21.970130 (850, 493, 1)
15:00:21.977124 (850, 495, 1)
15:00:21.986119 (851, 497, 1)
15:00:22.073392 (852, 497, 1)
15:00:22.081388 (853, 497, 1)
15:00:22.089384 (854, 497, 1)
15:00:22.354080 (846, 305, 1)
15:00:22.624444 (846, 305, 1)
15:00:22.632416 (845, 305, 1)
15:00:22.641410 (844, 305, 1)
15:00:22.649405 (843, 305, 1)
15:00:22.657400 (843, 306, 1)
15:00:22.665393 (843, 307, 1)
15:00:22.777361 (842, 307, 1)
15:00:22.785356 (842, 311, 1)
15:00:22.793353 (842, 313, 1)
15:00:22.801347 (842, 315, 1)
15:00:22.809341 (842, 317, 1)
15:00:22.817335 (842, 319, 1)
15:00:22.825330 (842, 321, 1)
15:00:22.833327 (841, 321, 1)
15:00:22.913134 (840, 323, 1)
15:00:22.985041 (839, 323, 1)
15:00:23.025018 (839, 324, 1)
15:00:23.033012 (841, 324, 1)
15:00:23.041010 (843, 324, 1)
15:00:23.049002 (844, 323, 1)
15:00:23.056997 (845, 323, 1)
15:00:23.064992 (846, 323, 1)
15:00:23.072989 (847, 322, 1)
15:00:23.080983 (848, 322, 1)
15:00:23.096972 (849, 321, 1)
15:00:23.104967 (850, 320, 1)
15:00:23.113962 (851, 320, 1)
15:00:23.128874 (852, 318, 1)
15:00:23.136875 (853, 316, 1)
15:00:23.144867 (853, 314, 1)
15:00:23.152861 (853, 312, 1)
15:00:23.160856 (854, 310, 1)
15:00:23.168854 (854, 309, 1)
15:00:23.176845 (854, 306, 1)
15:00:23.184841 (854, 304, 1)
15:00:23.192835 (854, 302, 1)
15:00:23.200832 (854, 300, 1)
15:00:23.208826 (853, 299, 1)
15:00:23.224862 (853, 298, 1)
15:00:23.304749 (852, 298, 1)
15:00:23.312745 (851, 299, 1)
15:00:23.321741 (851, 301, 1)
15:00:23.329736 (850, 302, 1)
15:00:23.336732 (850, 303, 1)
15:00:23.345725 (850, 305, 1)
15:00:23.858156 (917, 146, 1)
15:00:23.865152 (917, 146, 1)
15:00:23.872688 (920, 147, 1)
15:00:23.880683 (925, 150, 1)
15:00:23.888678 (927, 152, 1)
15:00:23.896675 (930, 154, 1)
15:00:23.904670 (933, 156, 1)
15:00:23.912662 (935, 157, 1)
15:00:23.921661 (938, 159, 1)
15:00:23.928655 (940, 164, 1)
15:00:23.936650 (943, 169, 1)
15:00:23.944644 (947, 178, 1)
15:00:23.952641 (952, 189, 1)
15:00:23.960634 (957, 205, 1)
15:00:23.968630 (959, 221, 1)
15:00:23.976625 (960, 238, 1)
15:00:23.985621 (960, 257, 1)
15:00:23.992617 (961, 274, 1)
15:00:24.000610 (961, 304, 1)
15:00:24.008606 (961, 326, 1)
15:00:24.017600 (961, 349, 1)
15:00:24.025015 (961, 368, 1)
15:00:24.033010 (961, 390, 1)
15:00:24.041006 (961, 409, 1)
15:00:24.049000 (961, 426, 1)
15:00:24.056995 (961, 453, 1)
15:00:24.064992 (961, 480, 1)
15:00:24.073377 (964, 506, 1)
15:00:24.081375 (967, 535, 1)
15:00:24.090367 (970, 552, 1)
15:00:24.097362 (975, 569, 1)
15:00:24.105361 (978, 581, 1)
15:00:24.113355 (984, 591, 1)
15:00:24.120897 (987, 596, 1)
15:00:24.128778 (988, 598, 1)
15:00:24.168644 (988, 599, 1)
15:00:24.177634 (990, 597, 1)
15:00:24.184629 (995, 588, 1)
15:00:24.193624 (1002, 578, 1)
15:00:24.200620 (1009, 568, 1)
15:00:24.208617 (1016, 557, 1)
15:00:24.216611 (1020, 547, 1)
15:00:24.224605 (1025, 538, 1)
15:00:24.232600 (1028, 531, 1)
15:00:24.241595 (1030, 525, 1)
15:00:24.248591 (1030, 519, 1)
15:00:24.256585 (1031, 515, 1)
15:00:24.264598 (1031, 512, 1)
15:00:24.272842 (1031, 509, 1)
15:00:24.280838 (1029, 506, 1)
15:00:24.288831 (1028, 501, 1)
15:00:24.296827 (1027, 498, 1)
15:00:24.304824 (1027, 495, 1)
15:00:24.312817 (1025, 491, 1)
15:00:24.320814 (1024, 489, 1)
15:00:24.617172 (931, 364, 1)
15:00:24.737131 (931, 364, 1)
15:00:24.745136 (934, 364, 1)
15:00:24.753122 (943, 363, 1)
15:00:24.761118 (954, 362, 1)
15:00:24.769112 (964, 361, 1)
15:00:24.777108 (973, 361, 1)
15:00:24.784905 (980, 361, 1)
15:00:24.792905 (988, 360, 1)
15:00:24.800901 (993, 360, 1)
15:00:24.808896 (997, 359, 1)
15:00:24.864948 (999, 359, 1)
