Author: SK
Difficulty: 2
Date:08-06-202214:59:36.675968 (298, 243, 1)
14:59:36.740312 (298, 243, 1)
14:59:36.746308 (299, 243, 1)
14:59:36.785286 (300, 243, 1)
14:59:36.793283 (301, 240, 1)
14:59:36.801274 (306, 233, 1)
14:59:36.809270 (310, 227, 1)
14:59:36.817266 (312, 223, 1)
14:59:36.825261 (313, 218, 1)
14:59:36.836254 (314, 215, 1)
14:59:36.842252 (315, 212, 1)
14:59:36.850246 (315, 209, 1)
14:59:36.858240 (315, 206, 1)
14:59:36.865236 (314, 204, 1)
14:59:36.875231 (313, 202, 1)
14:59:36.884226 (310, 199, 1)
14:59:36.891219 (307, 198, 1)
14:59:36.899215 (302, 194, 1)
14:59:36.907212 (296, 192, 1)
14:59:36.913208 (290, 189, 1)
14:59:36.921202 (286, 186, 1)
14:59:36.929197 (279, 184, 1)
14:59:36.938193 (272, 184, 1)
14:59:36.946188 (267, 184, 1)
14:59:36.953183 (261, 184, 1)
14:59:36.961178 (257, 185, 1)
14:59:36.969172 (252, 188, 1)
14:59:36.977167 (247, 192, 1)
14:59:36.986161 (243, 199, 1)
14:59:36.994156 (239, 206, 1)
14:59:37.001151 (235, 217, 1)
14:59:37.009154 (231, 229, 1)
14:59:37.017142 (231, 242, 1)
14:59:37.025138 (231, 257, 1)
14:59:37.033134 (233, 268, 1)
14:59:37.041129 (236, 276, 1)
14:59:37.049124 (239, 286, 1)
14:59:37.057119 (243, 294, 1)
14:59:37.065115 (248, 302, 1)
14:59:37.073111 (255, 309, 1)
14:59:37.083103 (262, 318, 1)
14:59:37.090098 (271, 326, 1)
14:59:37.097093 (281, 333, 1)
14:59:37.106089 (290, 340, 1)
14:59:37.113085 (298, 346, 1)
14:59:37.121078 (308, 356, 1)
14:59:37.129072 (320, 367, 1)
14:59:37.137069 (329, 381, 1)
14:59:37.145064 (342, 398, 1)
14:59:37.153059 (353, 423, 1)
14:59:37.161054 (362, 446, 1)
14:59:37.170049 (365, 458, 1)
14:59:37.177044 (367, 470, 1)
14:59:37.185040 (369, 481, 1)
14:59:37.193035 (369, 488, 1)
14:59:37.201031 (369, 492, 1)
14:59:37.209026 (368, 495, 1)
14:59:37.225014 (367, 496, 1)
14:59:37.234013 (365, 496, 1)
14:59:37.241004 (362, 497, 1)
14:59:37.250998 (355, 497, 1)
14:59:37.256995 (344, 497, 1)
14:59:37.265989 (334, 497, 1)
14:59:37.272985 (319, 497, 1)
14:59:37.281979 (305, 496, 1)
14:59:37.288975 (288, 493, 1)
14:59:37.296970 (272, 490, 1)
14:59:37.305965 (259, 486, 1)
14:59:37.312962 (247, 483, 1)
14:59:37.321121 (239, 480, 1)
14:59:37.328862 (229, 476, 1)
14:59:37.336860 (224, 473, 1)
14:59:37.345852 (221, 471, 1)
14:59:37.353846 (217, 468, 1)
14:59:37.362841 (214, 464, 1)
14:59:37.369836 (209, 458, 1)
14:59:37.377833 (202, 449, 1)
14:59:37.385827 (197, 441, 1)
14:59:37.393823 (190, 431, 1)
14:59:37.401818 (187, 425, 1)
14:59:37.409812 (185, 421, 1)
14:59:37.417808 (183, 418, 1)
14:59:37.426806 (181, 415, 1)
14:59:37.435798 (181, 413, 1)
14:59:37.779227 (564, 353, 1)
14:59:37.785364 (564, 353, 1)
14:59:37.794364 (561, 351, 1)
14:59:37.802356 (556, 349, 1)
14:59:37.809350 (549, 346, 1)
14:59:37.817346 (541, 342, 1)
14:59:37.825338 (534, 340, 1)
14:59:37.833335 (526, 339, 1)
14:59:37.841329 (516, 338, 1)
14:59:37.849326 (507, 338, 1)
14:59:37.857320 (497, 338, 1)
14:59:37.865314 (486, 343, 1)
14:59:37.873309 (475, 349, 1)
14:59:37.881305 (467, 355, 1)
14:59:37.889304 (461, 363, 1)
14:59:37.898293 (455, 371, 1)
14:59:37.907289 (449, 384, 1)
14:59:37.913285 (444, 400, 1)
14:59:37.921281 (440, 421, 1)
14:59:37.930274 (439, 438, 1)
14:59:37.938268 (439, 451, 1)
14:59:37.945265 (441, 465, 1)
14:59:37.953261 (446, 478, 1)
14:59:37.961254 (451, 487, 1)
14:59:37.969251 (456, 492, 1)
14:59:37.977335 (459, 494, 1)
14:59:37.985334 (463, 495, 1)
14:59:37.993325 (464, 497, 1)
14:59:38.001321 (466, 497, 1)
14:59:38.009316 (467, 497, 1)
14:59:38.017312 (468, 497, 1)
14:59:38.025137 (470, 495, 1)
14:59:38.033139 (474, 492, 1)
14:59:38.041134 (478, 487, 1)
14:59:38.050128 (483, 479, 1)
14:59:38.057125 (491, 468, 1)
14:59:38.065119 (502, 452, 1)
14:59:38.073113 (512, 436, 1)
14:59:38.082110 (521, 420, 1)
14:59:38.090106 (528, 401, 1)
14:59:38.099098 (534, 382, 1)
14:59:38.105094 (537, 368, 1)
14:59:38.116088 (537, 357, 1)
14:59:38.125082 (537, 349, 1)
14:59:38.132078 (536, 341, 1)
14:59:38.139073 (534, 337, 1)
14:59:38.146073 (533, 334, 1)
14:59:38.155065 (532, 333, 1)
14:59:38.169055 (531, 332, 1)
14:59:38.177050 (531, 331, 1)
14:59:38.185044 (530, 331, 1)
14:59:38.193040 (530, 330, 1)
14:59:38.209030 (530, 329, 1)
14:59:38.264996 (530, 328, 1)
14:59:38.272991 (530, 332, 1)
14:59:38.280986 (532, 347, 1)
14:59:38.288982 (536, 369, 1)
14:59:38.296975 (540, 390, 1)
14:59:38.304971 (542, 405, 1)
14:59:38.312966 (546, 418, 1)
14:59:38.320962 (549, 427, 1)
14:59:38.328956 (552, 437, 1)
14:59:38.336955 (557, 446, 1)
14:59:38.344948 (562, 456, 1)
14:59:38.352944 (566, 465, 1)
14:59:38.360938 (569, 471, 1)
14:59:38.368932 (573, 475, 1)
14:59:38.376933 (576, 479, 1)
14:59:38.384922 (578, 480, 1)
14:59:38.449883 (578, 481, 1)
14:59:38.457877 (581, 477, 1)
14:59:38.778017 (679, 481, 1)
14:59:38.785013 (679, 481, 1)
14:59:38.809712 (680, 481, 1)
14:59:38.817712 (680, 480, 1)
14:59:38.825702 (680, 471, 1)
14:59:38.833697 (681, 458, 1)
14:59:38.841694 (682, 447, 1)
14:59:38.849688 (682, 432, 1)
14:59:38.857682 (682, 410, 1)
14:59:38.865678 (685, 379, 1)
14:59:38.873674 (693, 342, 1)
14:59:38.882667 (694, 306, 1)
14:59:38.889664 (696, 276, 1)
14:59:38.897657 (698, 243, 1)
14:59:38.905662 (698, 218, 1)
14:59:38.915649 (699, 190, 1)
14:59:38.922643 (699, 160, 1)
14:59:38.930641 (699, 136, 1)
14:59:38.940631 (699, 108, 1)
14:59:38.948626 (699, 84, 1)
14:59:38.955622 (698, 73, 1)
14:59:38.962619 (696, 67, 1)
14:59:38.969614 (694, 62, 1)
14:59:39.033104 (694, 60, 1)
14:59:39.041099 (694, 61, 1)
14:59:39.049095 (696, 70, 1)
14:59:39.057094 (703, 96, 1)
14:59:39.065084 (708, 130, 1)
14:59:39.073080 (712, 171, 1)
14:59:39.081074 (715, 205, 1)
14:59:39.089072 (718, 236, 1)
14:59:39.097064 (721, 264, 1)
14:59:39.105060 (726, 291, 1)
14:59:39.114053 (729, 322, 1)
14:59:39.121051 (732, 345, 1)
14:59:39.129433 (737, 357, 1)
14:59:39.137426 (739, 368, 1)
14:59:39.145423 (742, 376, 1)
14:59:39.153419 (744, 383, 1)
14:59:39.161412 (746, 387, 1)
14:59:39.169406 (747, 390, 1)
14:59:39.177401 (748, 392, 1)
14:59:39.185399 (749, 395, 1)
14:59:39.193393 (750, 397, 1)
14:59:39.201390 (751, 397, 1)
14:59:39.209382 (751, 399, 1)
14:59:39.225374 (751, 400, 1)
14:59:39.233468 (751, 401, 1)
14:59:39.241464 (751, 402, 1)
14:59:39.249460 (751, 403, 1)
14:59:39.258456 (751, 405, 1)
14:59:39.265455 (752, 405, 1)
14:59:39.273445 (752, 406, 1)
14:59:39.281440 (752, 408, 1)
14:59:39.289445 (753, 408, 1)
14:59:39.297433 (753, 409, 1)
14:59:39.305426 (753, 410, 1)
14:59:39.314420 (753, 411, 1)
14:59:39.321414 (753, 414, 1)
14:59:39.329411 (753, 416, 1)
14:59:39.337405 (753, 418, 1)
14:59:39.345400 (753, 420, 1)
14:59:39.353395 (753, 421, 1)
14:59:39.361391 (754, 423, 1)
14:59:39.369389 (755, 425, 1)
14:59:39.377381 (755, 428, 1)
14:59:39.385375 (755, 429, 1)
14:59:39.393372 (755, 431, 1)
14:59:39.401366 (756, 434, 1)
14:59:39.409360 (756, 437, 1)
14:59:39.417356 (756, 440, 1)
14:59:39.425351 (757, 443, 1)
14:59:39.434347 (757, 446, 1)
14:59:39.441342 (757, 448, 1)
14:59:39.449336 (757, 449, 1)
14:59:39.954234 (741, 357, 1)
14:59:40.033359 (741, 357, 1)
14:59:40.065339 (742, 357, 1)
14:59:40.073333 (745, 356, 1)
14:59:40.081330 (755, 349, 1)
14:59:40.089324 (765, 342, 1)
14:59:40.097321 (778, 334, 1)
14:59:40.106314 (794, 325, 1)
14:59:40.114309 (815, 314, 1)
14:59:40.120990 (834, 303, 1)
14:59:40.128989 (851, 295, 1)
14:59:40.136984 (862, 289, 1)
14:59:40.225462 (865, 288, 1)
14:59:40.233455 (865, 291, 1)
14:59:40.241451 (864, 299, 1)
14:59:40.249445 (860, 305, 1)
14:59:40.489803 (765, 349, 1)
14:59:40.577540 (765, 349, 1)
14:59:40.585527 (769, 357, 1)
14:59:40.593522 (779, 372, 1)
14:59:40.601518 (791, 395, 1)
14:59:40.609513 (806, 419, 1)
14:59:40.617509 (818, 443, 1)
14:59:40.625505 (828, 461, 1)
14:59:40.633499 (838, 482, 1)
14:59:40.642197 (847, 502, 1)
14:59:40.649192 (853, 517, 1)
14:59:40.657188 (858, 534, 1)
14:59:40.665182 (862, 546, 1)
14:59:40.673187 (864, 553, 1)
14:59:40.681171 (864, 556, 1)
14:59:40.689194 (864, 558, 1)
14:59:41.250104 (916, 323, 1)
14:59:41.289333 (916, 323, 1)
14:59:41.297326 (918, 326, 1)
14:59:41.305322 (924, 336, 1)
14:59:41.313315 (930, 346, 1)
14:59:41.321311 (935, 356, 1)
14:59:41.329305 (942, 367, 1)
14:59:41.337303 (947, 378, 1)
14:59:41.345296 (951, 392, 1)
14:59:41.353291 (954, 405, 1)
14:59:41.361285 (954, 415, 1)
14:59:41.369281 (954, 425, 1)
14:59:41.377334 (954, 433, 1)
14:59:41.385330 (954, 439, 1)
14:59:41.393323 (953, 442, 1)
14:59:41.401320 (953, 444, 1)
14:59:41.449330 (953, 445, 1)
14:59:41.457325 (952, 445, 1)
14:59:41.465322 (948, 442, 1)
14:59:41.473314 (944, 429, 1)
14:59:41.481311 (939, 417, 1)
14:59:41.489355 (937, 404, 1)
14:59:41.497300 (936, 389, 1)
14:59:41.505295 (936, 377, 1)
14:59:41.513292 (936, 368, 1)
14:59:41.521284 (940, 360, 1)
14:59:41.529327 (943, 356, 1)
14:59:41.537276 (948, 352, 1)
14:59:41.545278 (955, 349, 1)
14:59:41.553266 (961, 348, 1)
14:59:41.561303 (967, 347, 1)
14:59:41.569297 (973, 347, 1)
14:59:41.577292 (977, 346, 1)
14:59:41.585286 (980, 346, 1)
14:59:41.593281 (982, 346, 1)
14:59:41.674005 (984, 346, 1)
14:59:41.962185 (1017, 435, 1)
14:59:41.969184 (1017, 435, 1)
14:59:42.001325 (1017, 434, 1)
14:59:42.041309 (1018, 434, 1)
14:59:42.057299 (1019, 433, 1)
14:59:42.065293 (1023, 430, 1)
14:59:42.073289 (1034, 422, 1)
14:59:42.081285 (1043, 416, 1)
14:59:42.089280 (1051, 408, 1)
14:59:42.097273 (1057, 400, 1)
14:59:42.105270 (1061, 390, 1)
14:59:42.113271 (1065, 379, 1)
14:59:42.121261 (1065, 370, 1)
14:59:42.129255 (1065, 358, 1)
14:59:42.137250 (1065, 348, 1)
14:59:42.145244 (1065, 340, 1)
14:59:42.154238 (1062, 333, 1)
14:59:42.161235 (1060, 326, 1)
14:59:42.169231 (1058, 319, 1)
14:59:42.177225 (1056, 312, 1)
14:59:42.185219 (1054, 307, 1)
14:59:42.193217 (1053, 303, 1)
14:59:42.201212 (1052, 301, 1)
14:59:42.209206 (1052, 299, 1)
14:59:42.273180 (1051, 297, 1)
14:59:42.281176 (1051, 300, 1)
14:59:42.289175 (1052, 308, 1)
14:59:42.297167 (1054, 317, 1)
14:59:42.305160 (1056, 327, 1)
14:59:42.313156 (1058, 336, 1)
14:59:42.321152 (1060, 349, 1)
14:59:42.329147 (1062, 362, 1)
14:59:42.337141 (1066, 377, 1)
14:59:42.345137 (1068, 391, 1)
14:59:42.353346 (1070, 403, 1)
14:59:42.361345 (1074, 414, 1)
14:59:42.369342 (1076, 422, 1)
14:59:42.377335 (1079, 428, 1)
14:59:42.385330 (1080, 431, 1)
14:59:42.401734 (1083, 433, 1)
14:59:42.441138 (1084, 433, 1)
14:59:42.753675 (1053, 216, 1)
14:59:43.434203 (1064, 230, 1)
14:59:43.449196 (1064, 230, 1)
14:59:43.465191 (1063, 230, 1)
14:59:43.473182 (1062, 229, 1)
14:59:43.482175 (1060, 228, 1)
14:59:43.489171 (1059, 227, 1)
14:59:43.497165 (1057, 225, 1)
14:59:43.505161 (1057, 224, 1)
14:59:43.514156 (1056, 222, 1)
14:59:43.521151 (1055, 222, 1)
14:59:43.529150 (1054, 221, 1)
14:59:43.633137 (1053, 221, 1)
14:59:43.641134 (1053, 223, 1)
14:59:43.649129 (1052, 225, 1)
14:59:43.657124 (1052, 227, 1)
14:59:43.665121 (1052, 228, 1)
14:59:43.673114 (1052, 231, 1)
14:59:43.681109 (1053, 234, 1)
14:59:43.689103 (1054, 236, 1)
14:59:43.698098 (1054, 237, 1)
14:59:43.705093 (1055, 237, 1)
14:59:43.713091 (1056, 237, 1)
14:59:43.737074 (1057, 237, 1)
14:59:43.745068 (1058, 237, 1)
14:59:43.753068 (1059, 237, 1)
14:59:43.761060 (1060, 235, 1)
14:59:43.769057 (1060, 234, 1)
14:59:43.777049 (1062, 232, 1)
14:59:43.785047 (1063, 230, 1)
14:59:43.794040 (1063, 227, 1)
14:59:43.801035 (1063, 225, 1)
14:59:43.809029 (1063, 224, 1)
14:59:43.817026 (1063, 222, 1)
14:59:43.825020 (1063, 220, 1)
14:59:43.834015 (1063, 218, 1)
14:59:43.849006 (1062, 218, 1)
14:59:43.872989 (1061, 217, 1)
14:59:44.162273 (1155, 116, 1)
14:59:44.169268 (1155, 116, 1)
14:59:44.177264 (1155, 119, 1)
14:59:44.185257 (1155, 125, 1)
14:59:44.193259 (1155, 133, 1)
14:59:44.201248 (1156, 142, 1)
14:59:44.209245 (1157, 152, 1)
14:59:44.217415 (1157, 161, 1)
14:59:44.225414 (1158, 171, 1)
14:59:44.233407 (1160, 183, 1)
14:59:44.241404 (1162, 194, 1)
14:59:44.249402 (1164, 204, 1)
14:59:44.257395 (1168, 215, 1)
14:59:44.265386 (1169, 225, 1)
14:59:44.273383 (1171, 233, 1)
14:59:44.281378 (1173, 243, 1)
14:59:44.289374 (1174, 251, 1)
14:59:44.297369 (1175, 258, 1)
14:59:44.305362 (1176, 265, 1)
14:59:44.313358 (1176, 273, 1)
14:59:44.321352 (1177, 281, 1)
14:59:44.329347 (1177, 291, 1)
14:59:44.337343 (1177, 302, 1)
14:59:44.345337 (1177, 314, 1)
14:59:44.353334 (1177, 326, 1)
14:59:44.361327 (1177, 339, 1)
14:59:44.369325 (1178, 350, 1)
14:59:44.377319 (1180, 359, 1)
14:59:44.385315 (1183, 369, 1)
14:59:44.393311 (1185, 375, 1)
14:59:44.401305 (1188, 379, 1)
14:59:44.409299 (1190, 383, 1)
14:59:44.417297 (1191, 384, 1)
14:59:44.433284 (1192, 385, 1)
14:59:44.521085 (1193, 385, 1)
14:59:44.529080 (1195, 383, 1)
14:59:44.537075 (1205, 376, 1)
14:59:44.545071 (1212, 370, 1)
14:59:44.553276 (1218, 366, 1)
14:59:44.561272 (1225, 361, 1)
14:59:44.569265 (1231, 357, 1)
14:59:44.577264 (1237, 352, 1)
14:59:44.585257 (1239, 349, 1)
14:59:44.834531 (1158, 276, 1)
14:59:44.841527 (1158, 276, 1)
14:59:44.849342 (1155, 275, 1)
14:59:44.857337 (1151, 273, 1)
14:59:44.865330 (1149, 273, 1)
14:59:44.873329 (1148, 273, 1)
14:59:44.881320 (1147, 273, 1)
14:59:44.889329 (1146, 272, 1)
14:59:45.017646 (1145, 272, 1)
14:59:45.025639 (1148, 272, 1)
14:59:45.033636 (1159, 272, 1)
14:59:45.041630 (1172, 271, 1)
14:59:45.049768 (1182, 270, 1)
14:59:45.057763 (1194, 269, 1)
14:59:45.065759 (1206, 267, 1)
14:59:45.073754 (1217, 267, 1)
14:59:45.081751 (1226, 267, 1)
14:59:45.089744 (1231, 267, 1)
14:59:45.097739 (1234, 267, 1)
14:59:45.153630 (1236, 267, 1)
14:59:45.161625 (1239, 267, 1)
14:59:45.169619 (1243, 267, 1)
14:59:45.177614 (1246, 267, 1)
14:59:45.185610 (1249, 267, 1)
14:59:45.193605 (1251, 267, 1)
14:59:45.209412 (1252, 268, 1)
